# Normalized Logistic Regression
1.100239568121392925e-01
-6.359456728748670296e-01
1.797848553837364527e-01
1.790532177863573082e+01
5.232616486271315370e-01
6.451100506034953552e-01
4.865497097011894034e+00
9.255438371485462667e-01
7.080315053088478416e-01
3.190870620046911688e-01
-6.553608959384186194e-01
7.935730273710490945e-02
-3.857089209780540373e-01
-3.721970439021612953e-01
3.050750600009062730e+00
5.061882134736722660e-01
1.618241774320580584e+00
6.155229080752346871e-01
-1.002018281233221508e-01
6.824947517622119708e-01
-7.223330317370267595e-02
-2.898133692107314821e-02
2.488919920238355399e+00
4.852379074564410616e-02
-2.169523627034292090e+01
-2.674066489391356161e+00
-3.150623687062946487e+01
1.434676616334409349e+00
-1.272347417587821816e+01
-3.165338464843849842e+00
-1.903994426723306432e+00
-1.025861240994825963e+01
-2.472569404941390436e-01
2.794010126059690791e+00
-6.225493267814506737e+00
1.828892013599802358e+00
5.198988570640692419e-01
-3.203269047900747513e-01
-1.501113476877770525e+00
-1.375535060474666338e+00
-2.209700652144117683e+01
-1.941586688568215990e+01
-2.680997134878130961e+00
-3.037330669418009665e-01
-1.004494209163722562e+00
-1.792011747569671964e+00
-1.090672478965896586e+00
-5.849784549727518268e+00
-1.284411477437251259e+00
-6.233633127362565585e-01
1.758802647954465226e-01
5.030073624076814021e-01
2.360488793987084721e-01
4.112703830370000091e+00
1.201055503401474045e+00
2.671524904641513487e+00
1.480511081716854027e-01
-2.346326100101723711e+01
